begin remote

  name  Logitec_Z5500
  flags RAW_CODES|CONST_LENGTH
  eps            30
  aeps          100

  gap          108108

      begin raw_codes

          name power
             9052    4457     610     530     609     497
              639     492     613    1633     638     494
              608     530     612     497     637     497
              610    1632     643    1625     618    1629
              609     527     611    1628     614    1630
              640    1632     615    1628     541     596
              614     495     639     494     540     607
              602    1630     542     593     612     499
              637     496     609    1633     641    1640
              603    1629     612    1632     639     498
              603    1640     640    1626     616    1629
              542

          name direct
             9049    4461     607     507     629     503
              626     509     602    1639     630     508
              605     505     642     490     629     507
              606    1634     631    1616     632    1634
              609     504     642    1623     610    1638
              627    1615     633    1636     606     505
              634    1634     607     504     631    1635
              610     503     630     500     628     511
              605     516     619    1637     604     508
              629    1637     605     506     630    1636
              607    1636     630    1615     631    1640
              606

          name optical
             9059    4440     621     514     611     503
              617     514     616    1626     623     514
              616     518     594     516     621     513
              619    1624     622    1649     595    1646
              621     518     594    1645     618    1641
              610    1647     593    1651     618    1624
              622    1659     585     515     617    1652
              595     514     618     518     615     518
              594     517     619     515     612     533
              584    1648     616     519     595    1648
              619    1624     624    1684     557    1650
              618

          name coax
             9039    4471     596     518     614     518
              613     535     579    1648     617     521
              592     519     616     515     613     524
              590    1651     613    1645     606    1649
              591     522     616    1649     593    1653
              626    1620     615    1654     592     518
              614     519     614    1630     618    1649
              595     517     618     516     608     525
              593     519     616    1650     594    1649
              629     508     590     520     618    1650
              593    1647     619    1630     616    1660
              585

          name effect
             9120    4450     632     504     611     521
              593     521     616    1650     593     517
              618     516     615     521     589     520
              630    1638     592    1649     618    1628
              618     515     613    1633     629    1640
              590    1655     613    1627     622    1651
              592     520     613    1653     593    1648
              618    1632     615     517     609     525
              592     520     617     513     612    1635
              617     517     613     521     588     523
              616    1671     570    1664     604    1631
              618

          name settings
             9058    4465     603     521     589     518
              620     516     611    1632     620     517
              613     520     592     520     617     515
              614    1631     616    1648     596    1651
              614     547     565    1663     601    1631
              621    1649     594    1647     616    1635
              613    1651     594    1651     612    1633
              618    1648     596     528     606     515
              613     523     589     522     616     516
              613     533     581     520     616     516
              613    1642     622    1636     593    1648
              617

          name sub_up
             9048    4452     618     520     593     518
              618     516     609    1634     621     513
              613     523     593     518     615     517
              614    1629     620    1661     582    1662
              603     520     592    1649     617    1631
              616    1651     598    1648     632    1613
              617    1647     596     519     616     517
              613     521     618     497     613     516
              613     521     591     519     618     516
              614    1630     618    1648     596    1648
              617    1630     618    1648     596    1650
              612

          name center_up
             9057    4451     615     524     591     519
              616     518     609    1649     604     516
              612     522     591     522     614     518
              613    1628     621    1660     582    1648
              619     519     592    1648     618    1630
              619    1659     586    1648     620     514
              594    1651     614     521     592     516
              619     516     625     511     591     531
              605     516     612    1633     618     517
              610    1633     650    1627     585    1650
              614    1629     621    1648     593    1652
              613

          name surround_up
             9043    4451     619     516     612     521
              592     521     628    1638     594     518
              614     519     613     520     592     518
              616    1652     594    1661     601    1633
              618     515     613    1632     619    1648
              593    1663     605    1628     619     517
              614     520     592     519     615     519
              612     522     592     519     615     519
              614     520     592    1650     611    1634
              617    1649     595    1662     603    1630
              619    1651     592    1649     616    1642
              607

          name sub_down
             9050    4450     620     515     610     526
              591     520     615    1618     627     520
              616     516     612     523     589     522
              616    1648     593    1653     614    1641
              605     519     611    1633     616    1652
              594    1649     613    1648     603    1647
              596     519     616     516     613     522
              592     517     619     515     614     535
              577     519     618     516     613    1632
              618    1649     594    1648     616    1644
              605    1648     595    1651     608    1634
              620

          name center_down
             9058    4449     622     515     611     524
              606     503     619    1650     597     512
              630     505     613     522     591     520
              616    1648     595    1648     618    1641
              607     516     614    1629     621    1645
              597    1649     615    1629     621     515
              613    1629     621    1650     594     518
              616     513     617     520     593     530
              607     512     614    1633     618     516
              612     523     589    1654     613    1641
              610    1650     592    1649     616    1630
              618

          name surround_down
             9044    4465     596     517     634     499
              613     523     591    1649     623     516
              590     521     616     516     641     494
              592    1650     623    1621     635    1635
              594     515     619    1650     591    1651
              617    1630     630    1635     596     519
              614     516     616    1631     617     516
              613     520     594     520     626     506
              610     523     593    1652     615    1628
              619     517     612    1656     598    1647
              594    1649     614    1632     618    1647
              596

          name volume_up
             9057    4464     603     523     591     521
              616     514     611    1635     618     515
              612     522     590     522     618     515
              613    1628     622    1649     594    1647
              618     521     591    1649     617    1631
              618    1647     597    1650     613     520
              595    1661     605     519     593    1647
              619    1626     621     515     612     524
              592     530     605    1649     596     517
              615    1650     595     518     618     514
              613    1642     611    1644     596    1651
              615

          name volume_down
             9060    4449     620     515     612     536
              578     521     616    1651     591     521
              617     516     612     522     590     522
              615    1661     584    1647     617    1630
              616     516     616    1631     618    1648
              596    1650     611    1632     620     516
              611    1631     621    1666     576    1649
              616     523     590     520     616     515
              615     522     591    1649     630     509
              592     518     617     517     613    1626
              621    1648     594    1652     626    1620
              615

          name mute
             9059    4448     622     515     611     525
              591     520     616    1647     597     517
              617     516     612     528     586     522
              616    1666     576    1650     615    1629
              618     518     612    1631     617    1663
              583    1649     614    1630     621     515
              611    1631     621    1660     584     515
              619    1649     593     517     620     516
              612     522     593    1648     618     520
              592     520     613    1649     596     519
              618    1655     587    1661     604    1628
              622

          name test
             9059    4449     619     538     604     511
              591     521     615    1660     583     520
              616     516     614     520     590     522
              617    1660     582    1649     617    1647
              599     518     616    1634     613    1648
              596    1646     614    1634     618    1650
              591     522     615    1649     592     522
              616     517     612     522     592     518
              615     520     611     523     591    1659
              608     520     593    1650     613    1631
              619    1647     596    1660     604    1629
              620

      end raw_codes

end remote
