# Please make this file available to others
# by sending it to <lirc@bartelmus.de>
#
# this config file was automatically generated
# using lirc-0.9.0-pre1(default) on Thu Dec 28 17:20:32 2017
#
# contributed by Ronny Van den Broeck - vandenbroeckronny@gmail.com
#
# model no. of remote control: Telenet Digicorder Model Number: DC-AD2200
# devices being controlled by this remote: Telenet Digicorder Model Number: DC-AD2200
#

begin remote

  name  Telenet Digicorder DC-AD2200
  flags RAW_CODES|CONST_LENGTH
  eps            30
  aeps          100

  gap          99176

      begin raw_codes

          name KEY_POWER
              307     354     331     590     274     352
              586     662     275     351     589     657
              589     661     276     350     274     350
              588     661     587     378     262     647
              276

          name KEY_1
              301     319     279     647     275     364
              574     661     276     350     587     661
              588     661     275     351     275     351
              274     351     273     353     274     351
              588     660     275

          name KEY_2
              295     323     275     647     276     348
              590     661     276     350     586     662
              588     661     277     350     274     351
              274     351     274     351     586     658
              592

          name KEY_3
              273     352     273     648     273     354
              585     662     275     350     653     596
              587     659     279     350     274     351
              275     351     274     351     587     364
              274     649     275

          name KEY_4
              272     352     273     649     274     353
              651     595     276     350     651     597
              655     594     276     350     275     348
              278     351     650     597     276     351
              652

          name KEY_5
              269     347     279     646     275     351
              651     599     274     349     650     598
              588     662     275     352     274     350
              275     351     583     664     588     660
              276

          name KEY_6
              268     351     272     649     277     350
              593     658     271     351     586     662
              590     658     277     350     275     350
              275     351     585     365     276     648
              587

          name KEY_7
              266     387     238     649     274     351
              656     592     276     350     655     594
              656     593     276     348     275     351
              274     352     652     300     274     351
              274     648     275

          name KEY_8
              274     353     272     648     275     351
              657     591     275     351     657     591
              658     591     275     352     274     381
              627     590     276     351     275     350
              670

          name KEY_9
              261     361     300     629     258     350
              659     588     275     366     647     589
              659     590     274     353     274     351
              658     589     276     351     657     591
              275

          name KEY_RECORD
              269     366     261     647     275     350
              652     597     275     350     587     661
              657     592     658     591     275     351
              657     294     275     648     655

          name KEY_TEXT
              288     322     304     619     303     323
              586     661     305     322     587     662
              586     662     616     633     304     322
              587     658     631     621     304

          name KEY_DELETE
              273     352     274     648     275     349
              658     591     275     352     654     593
              656     593     276     351     650     301
              274     351     275     648     275     351
              654

          name KEY_HOME
              303     321     304     618     305     321
              615     633     306     320     628     621
              626     622     332     293     618     631
              306     321     304     321     305     321
              615

          name KEY_UP
              302     321     305     615     309     319
              617     631     306     321     615     632
              617     631     307     332     605     632
              587     361     309     320     304     618
              306

          name KEY_LEFT
              294     323     274     648     275     351
              586     662     276     350     587     662
              584     663     276     351     585     365
              275     648     276     363     261     351
              587

          name KEY_RIGHT
              325     313     262     659     263     352
              637     609     276     351     609     638
              611     638     276     351     610     341
              277     646     275     355     633     621
              266

          name KEY_OK
              333     292     347     576     336     289
              648     600     337     287     650     600
              649     600     338     287     650     300
              340     585     648     303     338     596
              326

          name KEY_DOWN
              333     292     335     587     336     290
              643     604     335     292     645     600
              650     602     334     292     646     305
              334     588     646     603     646

          name KEY_BACK
              326     292     305     618     334     292
              614     635     332     293     646     602
              646     602     335     293     645     304
              332     294     335     290     307     615
              618

          name KEY_EXIT
              339     285     275     648     275     351
              657     592     274     351     658     590
              659     590     275     351     656     295
              275     351     274     649     656     591
              339

          name KEY_VOLUMEUP
              272     353     273     647     305     322
              586     661     276     351     599     647
              590     661     274     351     586     662
              276     350     586     365     275     648
              275

          name KEY_VOLUMEDOWN
              334     290     337     586     337     289
              649     598     337     290     649     597
              664     587     336     290     648     601
              648     600     337     289     649

          name KEY_MUTE
              335     289     336     586     337     288
              659     587     341     288     648     600
              650     599     336     291     646     601
              338     287     338     288     649     600
              335

          name KEY_CHANNELUP
              259     352     303     619     276     350
              587     661     306     329     578     660
              590     660     304     320     590     660
              588     661     588     661     305

          name KEY_CHANNELDOWN
              335     289     337     588     336     287
              646     603     338     306     629     602
              648     600     337     289     648     600
              649     302     337     586     646

          name KEY_STOP
              302     322     303     618     307     320
              640     609     331     294     642     606
              617     632     617     629     308     333
              293     321     616     335     304     618
              306

          name KEY_RECORD
              301     323     273     648     276     351
              606     643     285     341     585     663
              587     661     587     661     276     351
              275     351     587     661     586

          name KEY_BACK
              334     291     335     587     336     289
              648     600     337     289     648     600
              649     600     339     290     646     303
              336     289     336     289     337     289
              336     588     336

          name KEY_PLAYPAUSE
              333     291     335     587     336     288
              650     599     337     289     336     290
              336     290     647     600     337     289
              651     301     335     290     336     585
              338     289     647     600     338

          name KEY_FORWARD
              297     321     304     616     309     319
              616     632     307     320     617     630
              618     631     617     631     309     318
              306     319     307     316     338     291
              646

      end raw_codes

end remote
